type of vector embedding : <class 'numpy.ndarray'>
shape/size of vector embedding : (512,)
vector embedding :
[ 1.11779474e-01 -4.46797967e-01 -2.55647242e-01 -4.47796881e-01
  5.19456506e-01 -4.49748576e-01 -2.82266647e-01  4.32220101e-02
  5.70049047e-01 -4.27260339e-01 -1.58632755e-01 -2.99295783e-01
 -1.70330495e-01  1.38242617e-01 -8.94898534e-01  8.97827595e-02
 -6.58069730e-01 -2.57627249e-01  3.49429071e-01 -3.64166379e-01
  3.51613581e-01 -1.88878626e-01 -4.66782570e-01  3.17079723e-02
 -1.91658288e-01 -2.34968275e-01 -1.84197426e-02  3.05875897e-01
 -3.90611321e-01  2.07621098e-01 -4.90741551e-01  1.60049945e-01
 -1.14432797e-02  3.66694570e-01  4.70436513e-01  3.67870629e-02
  2.00756758e-01  2.03641757e-01  3.01404566e-01 -2.35823822e+00
 -2.08208859e-01 -1.77172035e-01  1.11903146e-01  4.51082885e-01
 -2.48966545e-01 -3.57782662e-01 -1.54865593e-01 -9.78732109e-02
  6.83065534e-01 -1.75462723e-01 -2.56591067e-02  1.94966406e-01
 -3.16358775e-01  7.12817311e-02  1.56962097e-01 -1.14826113e-02
  6.20833635e-01  7.13786066e-01 -1.30289078e-01  9.27046537e-02
 -5.89526176e-01 -4.55407739e-01  4.18168694e-01 -2.97392011e-01
 -7.47261345e-02 -4.54288542e-01  1.02018535e-01 -7.74118006e-02
 -4.11604702e-01  6.33524179e-01  3.89048338e-01  7.72460848e-02
  3.63879144e-01  1.96386039e-01  8.33201855e-02 -2.73409426e-01
  2.21458122e-01 -3.70037705e-02  4.12130147e-01  4.94128674e-01
 -3.93811762e-01  2.31108695e-01  1.49018556e-01  1.68021500e-01
  1.40139073e-01  1.26785398e-01  4.59561467e-01 -5.19179106e-01
  1.13604963e-01 -4.43914831e-02  6.06013983e-02 -9.44008678e-02
 -2.52742863e+00  1.84882209e-01 -1.34748936e-01  1.50573522e-01
  3.20356876e-01 -1.10181101e-01 -2.30216742e-01 -4.75376099e-01
 -3.45976949e-02  4.10857797e-02  5.03042221e-01  4.64680612e-01
 -7.05530941e-02 -9.25865918e-02 -1.21485639e+00  2.13604704e-01
 -6.51708320e-02 -3.13231289e-01  2.57794499e-01  4.41474646e-01
 -5.30530393e-01  3.73176895e-02 -1.89666808e-01 -9.31794867e-02
 -2.65643150e-01 -1.15166932e-01  2.51198351e-01  2.15857431e-01
 -4.17271614e-01  2.70277351e-01  2.50728190e-01  7.47598112e-02
 -1.82298586e-01  6.36580139e-02 -1.81096047e-02 -2.05992356e-01
  3.13174054e-02 -1.22023925e-01 -1.22138917e-01  8.98819342e-02
 -3.75614017e-01  7.33426213e-01 -4.09469306e-01 -1.97940439e-01
 -1.69895552e-02 -3.90000433e-01 -6.86368197e-02 -8.83607864e-02
  6.51120722e-01 -2.61465669e-01  5.94637513e-01 -3.71695250e-01
  1.09693430e-01  2.52928644e-01 -1.02238141e-01  7.92652130e-01
 -5.67671470e-02  5.70447385e-01 -8.25311169e-02  1.10366940e-02
 -2.65531689e-02  2.29504481e-01  2.88460776e-03 -2.25145757e-01
 -2.97141075e-03 -2.26528540e-01  1.24709398e-01  2.83361673e-01
 -3.91012281e-02 -1.70615003e-01  5.47467619e-02 -5.20207584e-02
  3.74624133e-02 -1.14311948e-01  6.85311317e-01  2.37503648e-02
  4.19522911e-01 -7.82369673e-02  1.72326952e-01  2.19731957e-01
  2.22715989e-01 -3.00471038e-02 -3.41514349e-01  1.64478511e-01
 -5.96799731e-01 -9.01750401e-02  1.77006468e-01  8.82145092e-02
  2.23316073e-01 -3.21438342e-01 -1.65006474e-01 -3.87921572e-01
 -3.03916991e-01  8.17711115e-01 -5.55585623e-02 -4.23820540e-02
 -4.68736678e-01 -1.41712874e-01 -4.58125696e-02 -1.72126055e-01
 -9.33837742e-02  7.15228245e-02  1.71158239e-02  4.67010826e-01
  2.94233382e-01  9.76285338e-02 -6.33285493e-02 -2.07728475e-01
  1.74272180e-01 -3.23751867e-01 -1.62001103e-02 -1.73853934e-01
  8.01776499e-02 -2.23499060e-01 -1.24825969e-01 -9.10511017e-02
 -4.78630066e-01 -1.48534909e-01 -5.04779875e-01 -1.52982175e-01
 -1.44452661e-01  4.77105260e-01  4.20562401e-02 -1.16483793e-01
 -1.96977288e-01 -5.10408461e-01  7.19563305e-01 -4.25420791e-01
  1.05437607e-01 -1.22766063e-01  8.59831691e-01  2.69407332e-01
  1.93579316e-01  2.98050731e-01  8.84037673e-01  1.71460211e-03
  7.92474747e-02 -7.14339614e-02 -2.40847185e-01 -2.31466517e-01
  2.31483102e-01 -3.19041759e-01  2.44202495e-01  4.66746271e-01
  7.11258173e-01  2.94755697e-01 -2.07670942e-01 -2.66509295e-01
 -4.40133780e-01  7.24289298e-01  5.78401506e-01  2.33895376e-01
 -2.08464801e-01  1.62298739e-01  2.74255127e-01  6.29583716e-01
  7.17144907e-02 -1.20047331e-02 -3.53684723e-01  2.13567466e-02
 -6.33554310e-02 -2.66085029e-01 -1.86687052e-01 -1.69135958e-01
  2.00301483e-02 -3.25898945e-01 -1.03516829e+00 -1.65884808e-01
  3.27088207e-01  9.54899937e-02  3.34915996e-01  1.20973527e-01
  2.17594802e-01 -4.75856155e-01 -1.49895191e-01  4.49380577e-01
  4.54002410e-01 -3.89821261e-01 -1.38386399e-01 -2.16741294e-01
  7.55161405e-01  1.59067661e-01 -2.27099985e-01 -6.02627844e-02
 -1.47812754e-01 -8.54000449e-03 -1.27196118e-01 -2.29510844e-01
 -3.26281458e-01 -3.83303687e-03 -5.08917212e-01  1.50133669e-02
  9.17585194e-02  1.26081288e-01 -4.40111339e-01 -9.34886485e-02
 -5.70778698e-02 -7.08603024e-01  7.18017370e-02  2.39764750e-01
 -4.26309556e-02  1.26810968e-01 -3.55551898e-01 -1.72804594e-02
  2.03448236e-01  3.30564857e-01  9.70812738e-02 -2.34222174e-01
 -7.97117352e-01 -5.98995015e-02 -6.77374721e-01  7.40240812e-01
  2.75146067e-01  3.85220647e-01  1.28346100e-01  2.44829267e-01
  1.18010066e-01 -7.22208768e-02  6.73324168e-02  2.54865959e-02
  7.31124163e-01  2.33843029e-02  1.74621969e-01 -5.62492967e-01
  2.47044221e-01  1.59149140e-01 -4.35322493e-01  9.38695669e-02
 -4.72012609e-02  7.23599732e-01  3.68977845e-01 -2.81716645e-01
  4.61387262e-03  1.41090885e-01 -1.39320299e-01 -2.95653760e-01
 -5.75126648e-01 -9.70615625e-01  8.36087614e-02  3.56181413e-01
  4.50809479e-01  4.77635860e-02 -6.35657847e-01 -2.63566792e-01
  2.11989492e-01  2.12456077e-01  3.18860054e-01  7.20368177e-02
  1.81970701e-01  2.14378476e-01 -5.26479185e-02  3.11585128e-01
  4.94628668e-01  3.17005008e-01  3.42907369e-01  3.34529221e-01
  2.46426612e-01  1.30927399e-01 -1.99606195e-01  1.23645529e-01
  4.86705154e-02  5.96958026e-02 -2.27094710e-01  2.21398860e-01
  1.97884575e-01  5.05295813e-01 -6.66818023e-02  3.07044744e-01
 -3.61410081e-02  1.04499608e-01  6.90884590e-01  3.14712942e-01
 -4.85575765e-01  4.86936986e-01 -4.46658254e-01 -2.69448310e-01
  4.79884505e-01 -3.22248906e-01 -1.18660972e-01 -9.17622373e-02
  5.52055776e-01  5.21412969e-01  1.40521020e-01 -3.37901443e-01
  4.96357918e-01 -8.25353622e-01  5.98199777e-02 -9.10231411e-01
 -1.40295476e-01  1.03240356e-01 -3.17429751e-01 -3.98271322e-01
 -1.13829255e-01  8.74690413e-01  6.12198532e-01 -5.80903828e-01
 -4.71615255e-01  7.40848660e-01 -2.06514686e-01  5.03408834e-02
  5.65845966e-02  3.52960050e-01  1.33726820e-01  1.60547242e-01
  3.94148976e-02  4.90132451e-01 -6.11986458e-01 -5.16001284e-02
  5.24073392e-02 -7.50422031e-02 -4.77778077e-01 -2.01419964e-01
 -2.44558468e-01  1.24280572e-01  7.77808949e-03 -3.19266200e-01
  1.18310496e-01  1.02297634e-01  3.58617067e-01 -4.99468029e-01
 -1.12141833e-01  1.02719814e-01 -8.26207846e-02 -3.28011811e-02
 -4.65292633e-02 -5.29357195e-01  2.21156046e-01 -5.83786607e-01
 -3.41104746e-01 -3.71588379e-01 -1.54073834e-01 -5.84490657e-01
  1.65859908e-01 -1.45085379e-01 -7.07126558e-02  9.58312228e-02
 -1.66141009e+00 -2.36084834e-01 -1.53498933e-01  4.71804976e-01
  3.69525194e-01  2.85041258e-02 -4.72575545e-01 -1.39146939e-01
 -2.37044692e-03  8.56561959e-02  4.02078629e-02 -3.29603523e-01
  5.76221526e-01  6.13213181e-01  4.54909414e-01  7.76913762e-02
 -4.09428179e-01 -3.74886468e-02 -1.52419508e-02 -3.21346521e-01
  2.54206508e-02 -1.75994635e-01  1.87378421e-01 -1.89907148e-01
  1.95468143e-02  1.79249525e-01  3.44227046e-01  5.68779349e-01
  2.06144303e-02 -2.42458850e-01  1.16310164e-01  5.66805780e-01
 -3.05146426e-01  2.54943311e-01  2.51864552e-01  2.81706303e-01
  4.92898405e-01 -2.47789085e-01  3.39481652e-01 -5.99521577e-01
  7.03233629e-02  3.52575362e-01 -6.17324769e-01  3.06869656e-01
 -2.29778469e-01 -6.19254231e-01  4.61800337e-01 -5.23662269e-02
  8.12471807e-02  3.12224999e-02  1.76148295e-01 -4.40935016e-01
 -2.14552224e-01 -3.75782967e-01  1.37181938e-01 -5.38665652e-02
  1.81756735e-01  5.90410590e-01 -3.20201635e-01  2.22147405e-01
 -3.59479934e-02 -1.44563749e-01  2.59279072e-01 -9.94180888e-03
  8.44486058e-02 -2.51367092e-01  9.06254053e-02  1.37958795e-01
  1.93956912e-01 -1.69224679e-01 -3.57458740e-01  7.11347610e-02
 -2.09396183e-02  1.84526250e-01  3.50727230e-01  1.43911481e-01
 -3.95877421e-01  8.32767114e-02 -2.47981653e-01  1.82644337e-01
 -1.32880226e-01 -2.97457308e-01  3.24634314e-02 -8.19440663e-01]
