max text length : 256
type of vector embedding : <class 'numpy.ndarray'>
shape/size of vector embedding : (384,)
vector embedding :
[ 4.21479205e-03 -5.59399538e-02 -4.81675193e-03 -1.13387100e-01
  5.61346300e-02  9.55063011e-03  1.06119454e-01  3.55500281e-02
  1.07279114e-01  1.18696310e-01 -1.01675920e-01  4.88513671e-02
  4.45841253e-02 -1.45116337e-02  4.23066132e-02 -2.71181781e-02
  6.68030640e-04  2.31782813e-02 -1.27924876e-02 -1.61255244e-02
 -1.12074025e-01 -9.19434726e-02 -1.57471467e-02  3.11230943e-02
 -4.95018288e-02  7.25348219e-02  7.42174452e-03 -1.69492979e-02
 -5.31086028e-02 -3.79069597e-02 -7.67431334e-02  1.71083538e-03
  1.70041081e-02  3.35951969e-02 -2.51451638e-02 -4.87260427e-03
  8.67358744e-02 -2.22764583e-03 -1.25881568e-01  1.30081465e-02
 -4.27575186e-02  3.37092467e-02  1.19413855e-02  4.20512334e-02
 -2.39996947e-02 -1.30649870e-02 -9.62291658e-02 -4.84575182e-02
  9.40700620e-02  5.86556643e-02  9.68259349e-02  4.15586382e-02
  3.56483497e-02  3.67346080e-03  1.21116005e-02  1.59393661e-02
  1.17415339e-02  4.01770286e-02  2.29540020e-02 -2.13929545e-02
  1.52527736e-02 -3.18996981e-02 -2.98049245e-02 -4.42249030e-02
  3.28563675e-02  6.89004874e-03  6.57233447e-02  3.97376828e-02
 -3.26652862e-02 -7.36691523e-03 -9.20344964e-02  9.89994481e-02
  2.31456198e-02  2.80768890e-02 -1.09981513e-02  5.06919883e-02
 -1.50072528e-02 -6.39999285e-02 -3.90054174e-02  4.83045653e-02
  1.01279393e-01 -4.54394370e-02 -1.36143222e-01 -4.00359407e-02
 -8.59629642e-03 -2.07787119e-02 -5.34954928e-02  3.76832159e-03
 -2.15852410e-02 -3.41207422e-02 -3.32663320e-02  2.58332100e-02
  3.17700617e-02  1.61099136e-02 -8.20552260e-02 -8.49732757e-02
 -4.57214145e-03 -9.20134410e-02 -6.01788387e-02  1.10223129e-01
 -6.71642721e-02  4.05604616e-02 -1.19065889e-03 -1.44794332e-02
 -3.89555134e-02  1.38077913e-02 -5.03240079e-02  5.82231842e-02
 -8.22731853e-03 -2.22201063e-03 -7.81896338e-02  1.23024164e-02
 -6.18095659e-02 -3.40520847e-03  8.43499973e-02  1.07516050e-01
 -2.62599178e-02  5.27646430e-02  2.07738150e-02 -3.69889811e-02
  5.23362309e-02  4.29079905e-02 -4.08921093e-02  4.05613557e-02
 -3.77288088e-02 -8.98275524e-02  5.63881025e-02 -5.71066139e-33
 -9.37341824e-02  3.93438935e-02  8.08361024e-02 -2.70202477e-02
 -5.67053035e-02  6.15245029e-02  6.12593479e-02  5.12240380e-02
 -5.13789952e-02  5.48994839e-02  1.29107218e-02  6.51229098e-02
 -5.87733313e-02  3.57653350e-02  6.60033002e-02 -3.15061808e-02
  5.23355305e-02  3.09368949e-02 -3.54252569e-02  3.77180241e-02
 -1.47283636e-02  1.63409188e-02  4.21188846e-02  7.86422566e-02
  2.90067252e-02  4.93569253e-03 -4.89223190e-02 -8.33786931e-03
  6.50037825e-02  4.26950194e-02 -4.22232822e-02 -2.44190283e-02
 -2.44086552e-02 -1.16660232e-02 -3.84329818e-03 -1.04003802e-01
 -4.85749394e-02 -6.05771504e-02 -1.75236841e-03  7.84981698e-02
  4.61893119e-02 -1.61985252e-02 -4.26868834e-02  5.33477254e-02
  6.72759563e-02  5.45153534e-03  3.43113057e-02 -4.52455468e-02
 -1.02122854e-02  5.02412533e-03 -5.23596592e-02  3.20999958e-02
 -5.63447736e-02  7.94444531e-02  1.77123602e-02 -7.72713646e-02
  2.62522381e-02 -4.18080501e-02 -8.39209184e-03  9.87516344e-03
  8.08771774e-02  2.31151953e-02  1.28529621e-02 -2.98481826e-02
 -2.45188251e-02  5.51938973e-02  8.37145746e-02  5.63381910e-02
  9.71678272e-03 -2.97793001e-02 -3.76934819e-02 -2.08512763e-03
 -8.27717129e-03  7.92788528e-03 -3.04051228e-02  1.57774389e-02
 -1.74161159e-02  5.38927577e-02 -6.24667481e-02 -8.63183662e-03
 -3.72658111e-02 -3.40578780e-02 -3.00562363e-02 -1.16181222e-03
  4.92216013e-02  8.37695450e-02 -1.65232215e-02 -8.76161978e-02
 -9.18718278e-02 -4.21035178e-02 -5.18858582e-02 -1.03416085e-01
  8.70493427e-02  6.76421970e-02 -7.68811926e-02  4.47999778e-33
 -7.37039838e-03 -9.13606659e-02 -2.22719507e-03 -1.77885368e-02
 -3.32582667e-02 -5.97045757e-02 -8.81220922e-02 -2.79585016e-03
 -3.26198526e-02  8.15183148e-02  2.93060811e-03 -3.45056616e-02
 -1.71306394e-02  4.39276844e-02  5.29144481e-02  5.71124488e-03
  3.49499285e-02  2.45490037e-02  1.51937269e-02 -1.21313306e-02
  1.49059761e-02  6.65669218e-02  1.77812669e-02  1.20626874e-02
  8.86146259e-03  6.91432925e-03  1.08087938e-02  1.17465463e-02
  1.40966540e-02  1.17558986e-01  5.25028296e-02 -1.46834319e-02
 -1.12569099e-03 -6.37246817e-02 -1.06372945e-02  2.86756624e-02
 -3.66366357e-02 -3.06704454e-02 -1.59303262e-03 -3.92589048e-02
 -2.16445867e-02  9.49767530e-02  7.21421763e-02  3.65021788e-02
  2.48776725e-03  1.95586719e-02  4.42837588e-02 -1.55735426e-02
  6.83443695e-02  3.71443033e-02 -1.55522395e-02  1.72091294e-02
 -9.48066358e-03 -1.08995527e-01  2.63024513e-02 -2.70058643e-02
 -7.75919780e-02  5.20099588e-02  3.08749331e-05 -9.01740566e-02
 -1.04440171e-02  5.57419434e-02 -7.56718591e-02  6.62270188e-02
  2.60768291e-02 -8.54222476e-03  1.45480841e-01 -7.58193508e-02
  8.60468950e-03 -3.63824479e-02 -3.51288468e-02  3.09042800e-02
 -1.27794193e-02  8.84150863e-02 -4.30580750e-02 -5.99874258e-02
 -1.31189190e-02  8.71526748e-02  2.17443369e-02  1.51448920e-02
 -4.10020351e-02  2.20922716e-02 -3.13305929e-02  2.01999061e-02
 -6.24872698e-03  6.37161266e-03  1.64598376e-02 -2.24842764e-02
 -6.00616150e-02 -3.21390890e-02  6.66811839e-02  5.99652641e-02
 -6.20515458e-02  7.45363010e-04 -1.00505510e-02 -1.33440841e-08
  1.22471705e-01 -5.04269078e-02  4.10632677e-02 -1.73337795e-02
  3.80628258e-02 -4.25965637e-02 -1.27810473e-02 -2.56280452e-02
 -5.19561917e-02  5.23410245e-06  9.00425091e-02  6.53309077e-02
  2.57317303e-03 -1.06648244e-02  1.05561689e-01 -4.01895605e-02
  8.47065672e-02  4.68187667e-02 -1.58341695e-02  7.59057105e-02
  6.71155239e-03  3.28202471e-02  2.01375950e-02 -5.75361997e-02
  3.83834238e-03 -1.27276592e-02 -1.84429064e-02 -5.64815551e-02
  8.28057006e-02  2.20480580e-02  8.36643204e-02 -3.35926265e-02
 -7.70610571e-02 -5.60768917e-02  1.80303510e-02 -1.77963972e-02
  4.24556583e-02 -2.75539141e-02  2.14018915e-02 -8.17914084e-02
  4.16382179e-02 -1.68517660e-02 -4.28795107e-02 -2.26062927e-02
 -1.33431628e-01  3.29237022e-02  4.50828001e-02 -1.11989386e-01
 -3.90005372e-02 -2.91422475e-02 -1.56395715e-02  8.45594183e-02
  2.51725651e-02  2.20408496e-02  8.09774697e-02 -3.87266241e-02
  2.67117769e-02 -2.32097916e-02 -4.47098957e-03 -8.21738970e-03
  7.10352734e-02  6.08460903e-02  2.79362011e-03 -1.24948621e-02]
vector embedding comparision 1 :
tensor([[0.3320]])
vector embedding comparision 2 :
tensor([[1.0000]])
